read_latency_ms,write_latency_ms
6.057977676391602,1318.99094581604
6.742954254150391,1314.803123474121
7.27081298828125,1305.088996887207
7.215976715087891,1299.1068363189697
7.1773529052734375,1289.0350818634033
1.9230842590332031,1315.5570030212402
0.9250640869140625,1298.3789443969727
7.8258514404296875,1292.9558753967285
10.319232940673828,1314.6681785583496
9.829044342041016,1314.6393299102783
8.452892303466797,1231.1909198760986
9.379863739013672,1228.0356884002686
9.215354919433594,1244.6110248565674
9.46497917175293,1243.8950538635254
4.794836044311523,1228.3272743225098
3.106832504272461,1223.7780094146729
1.8129348754882812,1231.2970161437988
0.9431838989257812,1223.905086517334
59.78107452392578,1244.314193725586
3.0281543731689453,1249.9139308929443
0.7510185241699219,1240.5250072479248
0.8168220520019531,1234.8451614379883
0.9961128234863281,1242.9468631744385
1.0709762573242188,1238.9702796936035
2.096891403198242,1241.7800426483154
2.1071434020996094,1255.4879188537598
2.819061279296875,1246.7091083526611
1.3480186462402344,1254.209041595459
2.8061866760253906,1253.4458637237549
0.8151531219482422,1240.4301166534424
0.7717609405517578,1241.7418956756592
1.0728836059570312,1222.449779510498
0.5228519439697266,1225.782871246338
0.5121231079101562,1245.3091144561768
0.5660057067871094,1244.2936897277832
0.5717277526855469,1245.5859184265137
0.6210803985595703,1245.6810474395752
1.0461807250976562,1242.873191833496
1.2829303741455078,1243.9231872558594
1.0409355163574219,1236.7331981658936
10.299205780029297,1241.5690422058105
12.758016586303711,1236.1810207366943
14.394998550415039,1237.217903137207
15.56706428527832,1233.5600852966309
14.290332794189453,1213.7222290039062
4.269123077392578,1211.5850448608398
5.1860809326171875,1216.155767440796
3.3597946166992188,1239.0599250793457
1.0156631469726562,1243.7992095947266
8.732080459594727,1225.2027988433838
2.154827117919922,1242.4161434173584
10.925054550170898,1232.7728271484375
1.6057491302490234,1214.1830921173096
1.4910697937011719,1216.2821292877197
0.8599758148193359,1218.4019088745117
1.0039806365966797,1218.2068824768066
0.8661746978759766,1215.8610820770264
1.9860267639160156,1225.498914718628
2.315044403076172,1222.1786975860596
1.48773193359375,1228.304147720337
2.231121063232422,1239.8161888122559
1.7368793487548828,1238.5170459747314
1.1792182922363281,1238.422155380249
6.622791290283203,1237.389087677002
14.187097549438477,1220.4558849334717
14.142990112304688,1221.0490703582764
0.8819103240966797,1287.5850200653076
1.2981891632080078,1291.306972503662
0.881195068359375,1290.365219116211
3.7369728088378906,1288.728952407837
3.143787384033203,1237.104892730713
3.5681724548339844,1253.7250518798828
3.1561851501464844,1219.3317413330078
10.98179817199707,1223.386287689209
8.847951889038086,1243.7732219696045
15.440940856933594,1247.901201248169
1.2440681457519531,1249.7658729553223
0.9529590606689453,1225.9547710418701
0.8709430694580078,1258.5852146148682
0.8182525634765625,1303.6999702453613
1.291036605834961,1216.3257598876953
0.9920597076416016,1229.6760082244873
1.3577938079833984,1224.0519523620605
11.941194534301758,1217.6549434661865
13.829708099365234,1221.4808464050293
11.83772087097168,1219.2049026489258
16.01696014404297,1212.3017311096191
14.637231826782227,1213.4971618652344
14.549016952514648,1210.6869220733643
1.3210773468017578,1228.2030582427979
1.851797103881836,1221.3749885559082
1.6467571258544922,1223.2539653778076
1.7380714416503906,1224.8141765594482
2.177000045776367,1217.317819595337
6.212949752807617,1222.9650020599365
6.445884704589844,1213.7439250946045
4.329204559326172,1216.8657779693604
4.231929779052734,1225.421667098999
4.107952117919922,1214.6637439727783
2.462148666381836,1214.3690586090088
1.9190311431884766,1233.1488132476807
2.2068023681640625,1233.5278987884521
1.4119148254394531,1231.4350605010986
1.135110855102539,1242.5291538238525
1.4221668243408203,1221.4758396148682
1.0499954223632812,1233.3147525787354
0.9162425994873047,1242.3779964447021
0.8158683776855469,1220.5541133880615
1.3580322265625,1212.7740383148193
0.865936279296875,1213.7579917907715
0.6659030914306641,1214.4930362701416
0.6830692291259766,1216.552972793579
0.7822513580322266,1216.7627811431885
1.6617774963378906,1216.8660163879395
2.412080764770508,1214.6921157836914
1.413106918334961,1254.1248798370361
2.788066864013672,1211.277961730957
1.207113265991211,1213.5660648345947
2.108335494995117,1265.3000354766846
1.8570423126220703,1254.3480396270752
3.1349658966064453,1234.6179485321045
14.387845993041992,1233.7009906768799
14.147758483886719,1246.6392517089844
5.80906867980957,1241.3032054901123
7.860898971557617,1240.0341033935547
0.5671977996826172,1246.3459968566895
0.476837158203125,1238.368034362793
0.6430149078369141,1236.5758419036865
0.8587837219238281,1249.9961853027344
1.8699169158935547,1225.0728607177734
2.7189254760742188,1231.4727306365967
2.012968063354492,1215.2528762817383
3.5161972045898438,1232.522964477539
3.271818161010742,1233.6399555206299
2.093791961669922,1215.0959968566895
1.3439655303955078,1230.7400703430176
1.2359619140625,1228.506088256836
7.522106170654297,1215.076208114624
2.680063247680664,1214.627742767334
2.4771690368652344,1222.3868370056152
2.1009445190429688,1220.7837104797363
1.580953598022461,1242.8100109100342
1.4579296112060547,1221.5662002563477
1.4789104461669922,1247.176170349121
1.2269020080566406,1242.933750152588
1.4650821685791016,1249.6140003204346
1.5959739685058594,1254.446029663086
1.6319751739501953,1249.572992324829
1.7762184143066406,1228.9881706237793
1.558065414428711,1230.6902408599854
2.989053726196289,1233.2451343536377
3.203868865966797,1229.2959690093994
3.204822540283203,1237.5800609588623
2.9501914978027344,1222.5780487060547
1.956939697265625,1232.6958179473877
1.837015151977539,1221.4751243591309
1.6388893127441406,1234.8418235778809
0.9660720825195312,1232.19895362854
0.7622241973876953,1222.715139389038
2.1257400512695312,1220.627784729004
1.5399456024169922,1238.7878894805908
1.6260147094726562,1230.2000522613525
3.237009048461914,1230.1559448242188
1.9142627716064453,1230.3969860076904
2.025127410888672,1243.1652545928955
1.3267993927001953,1234.5342636108398
3.8170814514160156,1224.600076675415
3.51715087890625,1218.0781364440918
2.5110244750976562,1246.7610836029053
3.2351016998291016,1246.669054031372
1.79290771484375,1233.1676483154297
1.657247543334961,1228.891134262085
1.7390251159667969,1242.1298027038574
2.132892608642578,1242.7361011505127
1.5900135040283203,1239.9461269378662
2.538919448852539,1244.560956954956
3.857851028442383,1229.9957275390625
1.9421577453613281,1248.358964920044
1.8138885498046875,1262.5501155853271
1.9299983978271484,1259.1180801391602
2.4199485778808594,1236.9508743286133
2.5060176849365234,1251.0499954223633
3.154754638671875,1253.3621788024902
2.597808837890625,1250.0691413879395
2.1331310272216797,1247.1368312835693
2.1600723266601562,1251.941204071045
2.783060073852539,1248.366117477417
1.5680789947509766,1247.9526996612549
2.323150634765625,1250.0078678131104
2.526998519897461,1226.5620231628418
2.8731822967529297,1221.9951152801514
2.424955368041992,1227.6861667633057
2.129077911376953,1228.2180786132812
5.028724670410156,1227.5519371032715
3.8568973541259766,1229.7348976135254
2.646923065185547,1221.7998504638672
5.7830810546875,1213.9358520507812
6.458759307861328,1253.3950805664062
3.410816192626953,1213.5989665985107
1.6720294952392578,1216.4397239685059
3.2901763916015625,1218.2116508483887
2.4907588958740234,1213.954210281372
1.8761157989501953,1220.0779914855957
2.595186233520508,1214.759349822998
1.6109943389892578,1216.5741920471191
0.8289813995361328,1213.104009628296
0.6346702575683594,1213.7401103973389
0.8251667022705078,1214.0119075775146
1.2030601501464844,1211.5459442138672
1.3842582702636719,1216.771125793457
32.93204307556152,1227.3330688476562
35.52103042602539,1230.1609516143799
30.7767391204834,1218.907117843628
4.598140716552734,1244.2469596862793
4.285097122192383,1230.0291061401367
5.603790283203125,1255.234956741333
1.3706684112548828,1229.5351028442383
1.6326904296875,1217.3209190368652
4.359006881713867,1220.2842235565186
4.867076873779297,1243.0942058563232
1.6398429870605469,1238.9309406280518
1.3248920440673828,1256.5560340881348
2.8007030487060547,1231.0009002685547
1.3985633850097656,1253.4379959106445
2.4261474609375,1243.6718940734863
1.5010833740234375,1246.750831604004
3.7267208099365234,1232.3188781738281
3.0901432037353516,1247.9689121246338
3.759145736694336,1232.0771217346191
3.3218860626220703,1222.3668098449707
1.779794692993164,1214.1141891479492
2.6378631591796875,1214.8239612579346
2.38800048828125,1218.6601161956787
1.9199848175048828,1219.5279598236084
2.2859573364257812,1235.8500957489014
2.515077590942383,1239.4309043884277
4.411935806274414,1231.3809394836426
7.025003433227539,1241.5568828582764
5.238056182861328,1242.2840595245361
6.248950958251953,1212.2108936309814
4.93311882019043,1217.0140743255615
4.364967346191406,1235.9790802001953
5.755186080932617,1235.9619140625
2.977132797241211,1233.1600189208984
3.632783889770508,1242.469310760498
5.659818649291992,1211.3268375396729
2.0208358764648438,1263.0996704101562
3.2389163970947266,1251.9149780273438
5.344629287719727,1244.3950176239014
6.493091583251953,1245.4380989074707
2.981901168823242,1222.4392890930176
2.8030872344970703,1218.9240455627441
3.2510757446289062,1215.0647640228271
3.5390853881835938,1214.081048965454
2.774953842163086,1214.1311168670654
3.095865249633789,1219.8729515075684
1.1179447174072266,1224.0760326385498
0.9090900421142578,1226.0549068450928
0.9610652923583984,1221.6181755065918
3.1778812408447266,1222.886323928833
1.0786056518554688,1215.1129245758057
1.0280609130859375,1215.8501148223877
1.394033432006836,1212.4180793762207
1.589059829711914,1215.4631614685059
1.1899471282958984,1216.7189121246338
2.7382373809814453,1215.61598777771
2.529144287109375,1222.5341796875
1.8489360809326172,1233.3056926727295
1.8892288208007812,1216.4418697357178
1.7957687377929688,1219.933032989502
1.271963119506836,1215.1610851287842
1.0938644409179688,1219.3241119384766
5.063772201538086,1215.8689498901367
2.01416015625,1220.6897735595703
2.022981643676758,1221.769094467163
1.9292831420898438,1223.1228351593018
1.135110855102539,1222.0611572265625
1.0440349578857422,1229.599952697754
1.6908645629882812,1235.884189605713
1.3933181762695312,1212.561845779419
1.1887550354003906,1217.7929878234863
2.958059310913086,1217.8010940551758
2.528667449951172,1240.8802509307861
0.9350776672363281,1225.5852222442627
0.8251667022705078,1219.7787761688232
0.9160041809082031,1215.2667045593262
0.8549690246582031,1214.655876159668
0.8120536804199219,1216.2501811981201
0.7269382476806641,1211.022138595581
0.9911060333251953,1223.1898307800293
0.8749961853027344,1218.1529998779297
2.4259090423583984,1222.3420143127441
3.0510425567626953,1218.8448905944824
2.0508766174316406,1225.3928184509277
1.3318061828613281,1220.5231189727783
2.290010452270508,1219.787836074829
2.2919178009033203,1252.7849674224854
2.324819564819336,1251.849889755249
5.499839782714844,1234.9200248718262
2.741098403930664,1221.35591506958
2.372264862060547,1223.672866821289
3.042936325073242,1244.5440292358398
3.0558109283447266,1245.284080505371
2.7010440826416016,1245.879888534546
2.5179386138916016,1248.5167980194092
2.79998779296875,1231.9791316986084
3.4711360931396484,1225.437879562378
1.936197280883789,1228.0008792877197
3.938913345336914,1217.2369956970215
5.091190338134766,1213.021993637085
6.896257400512695,1213.223934173584
1.8246173858642578,1216.1128520965576
1.2869834899902344,1215.9299850463867
1.725912094116211,1222.6848602294922
0.9646415710449219,1225.9259223937988
1.966238021850586,1221.0369110107422
1.1360645294189453,1220.3459739685059
1.1589527130126953,1215.1379585266113
0.9350776672363281,1233.435869216919
1.947164535522461,1216.1078453063965
3.7000179290771484,1215.5230045318604
0.6999969482421875,1224.088191986084
0.7469654083251953,1223.6809730529785
2.588987350463867,1227.0848751068115
4.188776016235352,1226.9670963287354
2.7289390563964844,1215.6617641448975
1.7230510711669922,1219.9938297271729
1.8839836120605469,1246.2158203125
4.289865493774414,1211.2400531768799
2.34222412109375,1267.219066619873
4.215717315673828,1234.3251705169678
4.539012908935547,1215.7518863677979
2.3050308227539062,1212.7978801727295
5.708932876586914,1213.4981155395508
2.122163772583008,1212.1989727020264
14.606237411499023,1215.562343597412
0.9438991546630859,1228.079080581665
1.4941692352294922,1228.9748191833496
1.9550323486328125,1240.6401634216309
14.802932739257812,1214.5309448242188
0.7798671722412109,1233.0191135406494
0.6771087646484375,1213.240146636963
1.962900161743164,1218.4021472930908
1.9619464874267578,1224.1120338439941
1.6169548034667969,1239.121913909912
2.3200511932373047,1245.1212406158447
5.321979522705078,1218.5661792755127
4.915952682495117,1220.0987339019775
2.5472640991210938,1219.290018081665
2.955913543701172,1225.6107330322266
2.870798110961914,1237.410068511963
2.8641223907470703,1212.1171951293945
3.2188892364501953,1219.5899486541748
2.229928970336914,1213.94681930542
2.1331310272216797,1217.000961303711
2.402067184448242,1217.7836894989014
1.463174819946289,1213.3393287658691
2.019166946411133,1218.6050415039062
2.0558834075927734,1270.1339721679688
2.660989761352539,1221.0359573364258
3.648042678833008,1221.6129302978516
3.5130977630615234,1214.6728038787842
47.03783988952637,1212.8448486328125
2.8688907623291016,1221.4741706848145
2.3920536041259766,1232.4180603027344
3.3850669860839844,1226.2959480285645
2.8069019317626953,1217.3500061035156
6.033897399902344,1225.86989402771
2.9947757720947266,1234.4849109649658
2.4671554565429688,1213.7389183044434
2.482891082763672,1215.8448696136475
1.9118785858154297,1216.688871383667
2.3081302642822266,1216.3639068603516
2.2687911987304688,1217.3640727996826
8.620023727416992,1216.6740894317627
1.947164535522461,1214.5030498504639
3.070831298828125,1214.4968509674072
2.8002262115478516,1225.7277965545654
6.342887878417969,1223.5262393951416
1.3248920440673828,1215.7838344573975
1.2428760528564453,1221.397876739502
2.4449825286865234,1217.6530361175537
1.4498233795166016,1220.8330631256104
5.773067474365234,1230.5200099945068
3.3898353576660156,1243.401050567627
5.7849884033203125,1227.6010513305664
14.317035675048828,1221.6157913208008
1.8770694732666016,1226.2399196624756
3.133058547973633,1218.351125717163
0.8931159973144531,1223.3049869537354
1.09100341796875,1215.216875076294
1.2829303741455078,1218.1429862976074
1.3818740844726562,1241.8382167816162
1.0230541229248047,1236.6390228271484
0.9160041809082031,1248.4371662139893
1.486063003540039,1224.7977256774902
0.9310245513916016,1220.181941986084
1.1379718780517578,1226.6697883605957
1.3461112976074219,1211.3780975341797
1.4081001281738281,1219.3059921264648
1.1088848114013672,1234.4119548797607
1.2481212615966797,1233.4527969360352
1.2121200561523438,1234.130859375
1.008749008178711,1234.145164489746
0.8401870727539062,1217.73099899292
1.0600090026855469,1219.5320129394531
0.8318424224853516,1220.86501121521
1.7900466918945312,1214.6010398864746
1.615285873413086,1218.7440395355225
1.425027847290039,1233.1368923187256
1.619100570678711,1215.0967121124268
0.9157657623291016,1220.639944076538
1.2218952178955078,1225.9080410003662
1.3837814331054688,1215.4922485351562
1.7290115356445312,1233.5762977600098
3.648042678833008,1216.0539627075195
1.5358924865722656,1224.4422435760498
3.1280517578125,1217.5369262695312
2.846956253051758,1237.3270988464355
2.151966094970703,1248.5790252685547
1.8277168273925781,1214.766025543213
1.5728473663330078,1215.9843444824219
1.5108585357666016,1220.862865447998
1.203775405883789,1220.4399108886719
4.474878311157227,1236.344814300537
4.193782806396484,1230.36789894104
4.106998443603516,1221.4500904083252
3.9801597595214844,1214.806079864502
2.3119449615478516,1228.57666015625
2.537965774536133,1242.1507835388184
3.9451122283935547,1235.687017440796
12.070894241333008,1233.1910133361816
19.147157669067383,1242.300033569336
20.41792869567871,1242.201805114746
1.5411376953125,1226.2928485870361
0.6420612335205078,1241.5108680725098
0.5309581756591797,1224.8899936676025
0.5438327789306641,1216.9220447540283
0.4851818084716797,1214.9450778961182
0.5941390991210938,1218.4569835662842
0.6570816040039062,1220.177173614502
0.6031990051269531,1230.5610179901123
1.4908313751220703,1214.9782180786133
2.646923065185547,1213.310956954956
2.733945846557617,1216.9771194458008
4.207849502563477,1219.2997932434082
2.6891231536865234,1216.6578769683838
3.5560131072998047,1224.2519855499268
2.701997756958008,1217.635154724121
2.8340816497802734,1225.7039546966553
2.372264862060547,1220.850944519043
1.7631053924560547,1224.3821620941162
5.066871643066406,1223.6328125
2.6092529296875,1220.2630043029785
7.64012336730957,1227.9548645019531
3.50189208984375,1218.8670635223389
2.452373504638672,1227.1809577941895
2.2559165954589844,1227.7309894561768
5.758047103881836,1230.97825050354
5.049943923950195,1226.660966873169
4.498004913330078,1220.041036605835
3.6013126373291016,1218.4667587280273
3.0541419982910156,1220.6859588623047
7.745027542114258,1219.6710109710693
2.4399757385253906,1224.816083908081
3.5691261291503906,1223.5469818115234
4.251003265380859,1220.8571434020996
4.562139511108398,1221.9650745391846
3.1511783599853516,1227.6437282562256
2.8617382049560547,1224.0869998931885
5.232095718383789,1218.6360359191895
3.3206939697265625,1216.1169052124023
3.5648345947265625,1234.1210842132568
3.68499755859375,1232.8779697418213
2.0380020141601562,1224.30419921875
3.1909942626953125,1233.3407402038574
3.709077835083008,1217.4158096313477
3.0879974365234375,1213.1330966949463
2.1991729736328125,1218.1928157806396
4.276037216186523,1214.76411819458
3.0100345611572266,1236.449956893921
3.1690597534179688,1239.4740581512451
2.6051998138427734,1241.6701316833496
2.32696533203125,1239.4888401031494
2.092123031616211,1241.8832778930664
2.117156982421875,1230.7977676391602
2.6702880859375,1232.7830791473389
5.728006362915039,1230.557918548584
1.3370513916015625,1218.2819843292236
1.4259815216064453,1217.6270484924316
5.471944808959961,1224.0869998931885
3.075838088989258,1220.3891277313232
2.2001266479492188,1217.0798778533936
7.491111755371094,1215.0657176971436
1.6655921936035156,1228.5292148590088
1.7762184143066406,1231.9629192352295
2.1610260009765625,1230.8871746063232
3.821849822998047,1214.379072189331
2.807140350341797,1216.120958328247
1.5850067138671875,1222.1219539642334
2.902984619140625,1216.3050174713135
2.6679039001464844,1212.5060558319092
2.7277469635009766,1212.174654006958
2.928018569946289,1224.0760326385498
3.1270980834960938,1215.9931659698486
2.318143844604492,1218.7860012054443
2.722024917602539,1224.5759963989258
2.769947052001953,1216.369867324829
1.271963119506836,1213.9263153076172
1.9650459289550781,1220.0908660888672
1.672983169555664,1213.4480476379395
2.400636672973633,1243.5262203216553
1.4240741729736328,1217.9293632507324
3.1690597534179688,1242.3360347747803
3.2968521118164062,1216.9630527496338
5.060911178588867,1215.3360843658447
3.2749176025390625,1217.5917625427246
2.780914306640625,1216.7589664459229
3.7000179290771484,1242.102861404419
2.3670196533203125,1263.1590366363525
5.468845367431641,1210.8049392700195
1.9690990447998047,1216.6149616241455
1.615762710571289,1219.4969654083252
3.9637088775634766,1221.5678691864014
3.4019947052001953,1241.4500713348389
3.283977508544922,1236.6647720336914
3.142118453979492,1223.12593460083
2.5038719177246094,1217.3991203308105
5.862236022949219,1221.714973449707
6.77490234375,1218.28031539917
4.361867904663086,1213.8879299163818
2.758026123046875,1214.1759395599365
3.091096878051758,1245.2449798583984
1.9006729125976562,1224.999189376831
4.111289978027344,1252.049207687378
3.2758712768554688,1251.4731884002686
3.4749507904052734,1261.9891166687012
2.602100372314453,1260.2291107177734
2.7730464935302734,1219.0921306610107
27.353763580322266,1212.8708362579346
5.3730010986328125,1227.2717952728271
1.8579959869384766,1216.8080806732178
5.151987075805664,1214.8361206054688
4.971027374267578,1258.9879035949707
2.2678375244140625,1235.6247901916504
3.161191940307617,1258.6848735809326
2.9189586639404297,1244.554042816162
2.34222412109375,1222.137212753296
1.77001953125,1218.918800354004
1.9762516021728516,1223.599910736084
3.242969512939453,1231.6627502441406
4.410982131958008,1258.8708400726318
1.8138885498046875,1229.9060821533203
2.8798580169677734,1223.7188816070557
2.5930404663085938,1225.1088619232178
2.6760101318359375,1215.1100635528564
2.3338794708251953,1213.1052017211914
3.571033477783203,1213.0770683288574
1.7881393432617188,1217.7889347076416
15.910863876342773,1214.846134185791
1.9938945770263672,1218.7471389770508
4.263877868652344,1256.716251373291
1.3728141784667969,1220.0539112091064
4.625797271728516,1255.3269863128662
11.861085891723633,1221.4970588684082
0.8177757263183594,1258.6791515350342
0.6570816040039062,1210.2398872375488
1.5900135040283203,1216.1898612976074
4.639863967895508,1229.0818691253662
6.710052490234375,1214.604139328003
8.129119873046875,1218.9080715179443
3.036975860595703,1233.1178188323975
2.1338462829589844,1218.986988067627
2.9299259185791016,1217.9620265960693
1.6088485717773438,1270.960807800293
1.837015151977539,1270.9429264068604
2.892732620239258,1215.1908874511719
1.811981201171875,1211.7819786071777
1.5158653259277344,1221.9040393829346
1.4848709106445312,1225.7940769195557
1.8110275268554688,1245.1179027557373
1.5311241149902344,1238.6178970336914
3.583192825317383,1235.9561920166016
3.3690929412841797,1247.300148010254
2.012968063354492,1245.840072631836
2.788066864013672,1235.1491451263428
7.511615753173828,1240.1609420776367
4.393339157104492,1241.6012287139893
0.9598731994628906,1225.1079082489014
0.8411407470703125,1226.4790534973145
1.3740062713623047,1214.8010730743408
1.2450218200683594,1225.2440452575684
1.15203857421875,1243.614912033081
0.8420944213867188,1231.4260005950928
2.0499229431152344,1218.0590629577637
1.070261001586914,1217.8480625152588
22.815942764282227,1230.7350635528564
1.21307373046875,1211.0960483551025
1.718759536743164,1225.6250381469727
1.2450218200683594,1217.952013015747
0.8320808410644531,1216.2628173828125
0.5979537963867188,1218.2841300964355
1.1398792266845703,1219.0678119659424
1.355886459350586,1220.8850383758545
3.3049583435058594,1215.620994567871
4.247188568115234,1221.8780517578125
2.377033233642578,1218.7740802764893
1.8649101257324219,1217.1950340270996
2.4938583374023438,1214.0960693359375
2.3469924926757812,1246.9258308410645
2.850055694580078,1216.493844985962
2.312183380126953,1223.6862182617188
3.1890869140625,1215.3348922729492
3.097057342529297,1222.2628593444824
2.2957324981689453,1225.0862121582031
2.26593017578125,1218.904972076416
31.388044357299805,1221.451997756958
0.8151531219482422,1222.203016281128
0.6997585296630859,1217.0932292938232
0.8199214935302734,1219.569206237793
0.6489753723144531,1219.557762145996
0.5948543548583984,1229.1438579559326
10.537862777709961,1248.5649585723877
4.49681282043457,1241.3129806518555
3.283977508544922,1214.5888805389404
2.3500919342041016,1219.7401523590088
11.688947677612305,1250.7007122039795
29.181957244873047,1234.0919971466064
27.808666229248047,1232.2280406951904
3.02886962890625,1218.9300060272217
2.5768280029296875,1219.9828624725342
3.2739639282226562,1232.679843902588
4.673004150390625,1212.8188610076904
3.3249855041503906,1223.2191562652588
3.33404541015625,1219.0608978271484
2.513885498046875,1227.6649475097656
1.8329620361328125,1214.5607471466064
2.567291259765625,1225.0590324401855
3.0438899993896484,1231.5850257873535
2.3322105407714844,1235.0289821624756
6.036996841430664,1215.4550552368164
8.205890655517578,1219.6860313415527
9.850025177001953,1222.7840423583984
5.733251571655273,1218.6334133148193
1.116037368774414,1218.3189392089844
1.1990070343017578,1219.0141677856445
0.9129047393798828,1216.0699367523193
1.0459423065185547,1233.043909072876
1.7671585083007812,1233.8550090789795
0.9489059448242188,1219.3918228149414
0.9968280792236328,1223.93798828125
2.986907958984375,1219.6331024169922
2.8221607208251953,1211.7869853973389
2.6192665100097656,1212.7149105072021
2.028942108154297,1210.1619243621826
1.6870498657226562,1212.5928401947021
2.044200897216797,1221.3211059570312
3.3791065216064453,1218.717336654663
3.0319690704345703,1217.1111106872559
3.0410289764404297,1218.5966968536377
2.5370121002197266,1220.4830646514893
2.8090476989746094,1219.1789150238037
2.485990524291992,1221.1120128631592
1.466989517211914,1222.6078510284424
1.405954360961914,1215.3511047363281
3.2901763916015625,1217.6411151885986
3.962993621826172,1214.0259742736816
3.6401748657226562,1218.8458442687988
1.9710063934326172,1214.7691249847412
5.977869033813477,1218.5101509094238
2.836942672729492,1219.4089889526367
2.5987625122070312,1214.5118713378906
3.293275833129883,1218.1401252746582
2.742767333984375,1218.601942062378
2.374887466430664,1224.992036819458
1.7750263214111328,1214.2469882965088
3.753185272216797,1216.7799472808838
2.279043197631836,1216.3481712341309
3.2927989959716797,1213.912010192871
2.6459693908691406,1221.1661338806152
2.213716506958008,1237.325668334961
1.7249584197998047,1227.067232131958
2.4290084838867188,1216.2401676177979
1.5099048614501953,1229.6087741851807
2.3338794708251953,1236.4869117736816
2.3212432861328125,1218.285083770752
1.8720626831054688,1212.9390239715576
3.047943115234375,1214.9949073791504
2.9397010803222656,1217.115879058838
3.8747787475585938,1221.7228412628174
4.581928253173828,1215.61598777771
5.108118057250977,1217.8659439086914
1.7731189727783203,1218.1899547576904
1.5952587127685547,1242.6199913024902
3.8399696350097656,1232.0880889892578
3.120899200439453,1226.3009548187256
5.115032196044922,1226.4618873596191
2.5479793548583984,1209.6161842346191
3.9527416229248047,1234.3320846557617
2.1996498107910156,1222.7787971496582
2.2051334381103516,1228.8818359375
7.653951644897461,1225.2259254455566
3.504037857055664,1222.9318618774414
2.374887466430664,1233.699083328247
2.0427703857421875,1215.8730030059814
1.4939308166503906,1221.2059497833252
1.119852066040039,1210.8430862426758
1.2390613555908203,1212.3689651489258
1.4650821685791016,1224.203109741211
0.8082389831542969,1220.9899425506592
2.4640560150146484,1219.1922664642334
1.332998275756836,1231.3101291656494
1.9619464874267578,1233.572006225586
2.7008056640625,1233.0102920532227
6.509065628051758,1229.2218208312988
2.613067626953125,1239.198923110962
4.020929336547852,1214.9200439453125
2.3949146270751953,1215.5649662017822
4.46009635925293,1224.1618633270264
3.947019577026367,1251.1069774627686
3.030061721801758,1225.4931926727295
2.9959678649902344,1239.6612167358398
7.899045944213867,1215.5709266662598
2.1588802337646484,1228.0268669128418
0.8509159088134766,1214.31303024292
0.7412433624267578,1214.8852348327637
0.946044921875,1223.015308380127
4.436016082763672,1268.0997848510742
4.7321319580078125,1223.8249778747559
2.123117446899414,1258.2411766052246
3.287076950073242,1249.7868537902832
2.2687911987304688,1251.2707710266113
8.014202117919922,1258.6390972137451
6.548166275024414,1256.0679912567139
1.1830329895019531,1253.8471221923828
1.3027191162109375,1255.167007446289
1.1382102966308594,1235.4040145874023
0.8690357208251953,1257.875919342041
1.1162757873535156,1250.2570152282715
7.361888885498047,1214.418888092041
0.8568763732910156,1236.0892295837402
1.9309520721435547,1241.806983947754
1.9006729125976562,1220.1430797576904
1.6961097717285156,1239.6538257598877
1.6431808471679688,1215.8262729644775
0.7028579711914062,1225.0781059265137
0.7159709930419922,1218.1479930877686
0.8082389831542969,1256.408929824829
0.8220672607421875,1214.5931720733643
2.3260116577148438,1225.5139350891113
2.8409957885742188,1222.2788333892822
3.4949779510498047,1221.6241359710693
2.7930736541748047,1231.0562133789062
3.312826156616211,1232.6781749725342
0.7500648498535156,1233.375072479248
1.0390281677246094,1225.5659103393555
0.7519721984863281,1213.1710052490234
1.4290809631347656,1209.6037864685059
1.7099380493164062,1224.2391109466553
2.721071243286133,1231.4488887786865
1.6379356384277344,1220.4790115356445
1.5480518341064453,1216.1519527435303
1.3148784637451172,1215.399980545044
2.089262008666992,1223.7210273742676
1.9690990447998047,1218.8129425048828
3.555774688720703,1216.515064239502
2.707242965698242,1219.9339866638184
2.223968505859375,1223.8149642944336
1.934051513671875,1230.314016342163
2.4602413177490234,1217.2019481658936
2.585172653198242,1224.8730659484863
6.736278533935547,1220.2110290527344
7.89189338684082,1222.4888801574707
2.4328231811523438,1242.7339553833008
1.1260509490966797,1245.913028717041
2.3279190063476562,1232.205867767334
8.579015731811523,1249.3560314178467
1.7538070678710938,1215.0659561157227
2.5222301483154297,1214.5118713378906
2.4666786193847656,1225.1389026641846
2.9380321502685547,1229.3941974639893
2.5458335876464844,1226.4511585235596
4.096031188964844,1231.0657501220703
4.07719612121582,1225.7719039916992
2.6748180389404297,1232.7871322631836
2.2089481353759766,1226.0942459106445
2.3300647735595703,1220.4432487487793
2.4051666259765625,1230.3221225738525
2.8982162475585938,1223.5050201416016
2.033233642578125,1219.6102142333984
4.728078842163086,1224.6432304382324
5.382061004638672,1211.838960647583
1.8811225891113281,1227.2660732269287
2.421140670776367,1223.8240242004395
2.938985824584961,1225.8169651031494
1.4431476593017578,1218.660831451416
1.5311241149902344,1233.8299751281738
1.756906509399414,1220.6850051879883
7.6751708984375,1232.8400611877441
2.165079116821289,1237.8590106964111
2.0949840545654297,1231.9691181182861
1.6329288482666016,1250.485897064209
2.4178028106689453,1233.7028980255127
5.423069000244141,1235.060214996338
3.6759376525878906,1236.3429069519043
3.5490989685058594,1226.1109352111816
2.5267601013183594,1220.3359603881836
3.426074981689453,1221.709966659546
2.3009777069091797,1238.1501197814941
2.3708343505859375,1219.5398807525635
1.895904541015625,1220.993995666504
9.929895401000977,1221.081018447876
2.285003662109375,1223.8469123840332
8.858919143676758,1239.2449378967285
9.686946868896484,1233.8860034942627
4.93168830871582,1248.3060359954834
13.081073760986328,1243.2377338409424
12.677192687988281,1217.677116394043
11.44719123840332,1233.8969707489014
2.007007598876953,1226.9840240478516
1.5401840209960938,1229.6638488769531
1.2290477752685547,1229.093074798584
2.279996871948242,1229.1550636291504
3.286123275756836,1235.8322143554688
2.0799636840820312,1224.8070240020752
3.1790733337402344,1222.905158996582
1.8267631530761719,1225.1121997833252
2.4499893188476562,1238.62624168396
2.8259754180908203,1231.3189506530762
3.6971569061279297,1234.5373630523682
2.649068832397461,1239.7351264953613
3.340005874633789,1220.3288078308105
7.606983184814453,1229.027271270752
3.1599998474121094,1240.9889698028564
3.859996795654297,1224.8871326446533
3.570079803466797,1223.7749099731445
2.847909927368164,1225.1341342926025
2.4869441986083984,1216.4180278778076
1.538991928100586,1215.4290676116943
0.926971435546875,1228.865146636963
4.684925079345703,1216.16792678833
2.626657485961914,1230.6499481201172
5.051136016845703,1235.619068145752
3.4580230712890625,1238.7399673461914
3.7140846252441406,1221.1229801177979
8.080005645751953,1231.416940689087
2.660989761352539,1219.3479537963867
2.727031707763672,1216.4340019226074
2.8090476989746094,1222.7678298950195
1.9831657409667969,1227.6151180267334
2.7468204498291016,1229.4962406158447
3.615140914916992,1231.677770614624
4.782676696777344,1233.686923980713
2.154827117919922,1220.8678722381592
2.312898635864258,1234.0481281280518
2.771139144897461,1233.8581085205078
2.8982162475585938,1233.8340282440186
2.3720264434814453,1218.5089588165283
2.134084701538086,1217.6539897918701
3.3559799194335938,1224.604845046997
2.3908615112304688,1220.5379009246826
2.3670196533203125,1222.3060131072998
2.3229122161865234,1229.7279834747314
6.123065948486328,1232.1999073028564
3.175020217895508,1230.6599617004395
2.274036407470703,1273.7212181091309
2.3369789123535156,1272.4008560180664
1.8019676208496094,1278.1400680541992
4.764318466186523,1235.1179122924805
5.71894645690918,1243.7419891357422
1.9059181213378906,1222.0849990844727
16.77107810974121,1251.5661716461182
3.3240318298339844,1272.080898284912
0.7600784301757812,1250.6103515625
0.6301403045654297,1227.1299362182617
0.6108283996582031,1251.3127326965332
0.7631778717041016,1220.17502784729
0.6740093231201172,1249.5098114013672
0.7538795471191406,1234.8580360412598
0.8809566497802734,1218.1520462036133
2.691030502319336,1252.9311180114746
2.9740333557128906,1240.830898284912
2.579927444458008,1257.7850818634033
1.766204833984375,1232.4180603027344
1.447916030883789,1258.95094871521
7.323265075683594,1237.1821403503418
1.9567012786865234,1253.8490295410156
3.431081771850586,1222.4371433258057
1.8706321716308594,1251.6779899597168
2.9418468475341797,1276.7527103424072
3.0531883239746094,1222.7623462677002
2.385854721069336,1236.7002964019775
4.091978073120117,1255.7549476623535
5.716800689697266,1217.365026473999
6.405115127563477,1227.9679775238037
2.796173095703125,1249.8738765716553
2.9990673065185547,1256.1299800872803
5.595207214355469,1242.9628372192383
6.853818893432617,1255.5992603302002
4.249095916748047,1281.0728549957275
5.608081817626953,1240.9939765930176
3.999948501586914,1257.5161457061768
3.917694091796875,1258.3601474761963
1.2049674987792969,1282.8350067138672
6.757974624633789,1280.8640003204346
5.750894546508789,1260.178804397583
7.882118225097656,1216.7820930480957
2.2690296173095703,1213.3190631866455
2.171039581298828,1251.154899597168
3.85284423828125,1214.7860527038574
0.6930828094482422,1220.9956645965576
0.72479248046875,1219.985008239746
1.2061595916748047,1246.2239265441895
2.6459693908691406,1223.0751514434814
1.7290115356445312,1246.2658882141113
3.237009048461914,1284.8119735717773
1.3599395751953125,1281.602144241333
1.9998550415039062,1224.1828441619873
1.79290771484375,1243.9680099487305
1.2691020965576172,1242.7620887756348
1.9900798797607422,1239.358901977539
32.90891647338867,1244.5628643035889
0.8258819580078125,1243.3881759643555
0.6949901580810547,1236.9909286499023
4.342079162597656,1240.3600215911865
3.919839859008789,1239.9449348449707
2.20489501953125,1219.8400497436523
2.234220504760742,1233.0360412597656
5.737066268920898,1232.2359085083008
6.978034973144531,1233.0529689788818
8.350849151611328,1226.0839939117432
5.852222442626953,1229.9020290374756
6.983041763305664,1241.537094116211
1.4140605926513672,1238.7299537658691
1.1928081512451172,1230.4420471191406
2.9833316802978516,1242.8553104400635
15.285968780517578,1228.4572124481201
7.338047027587891,1245.448112487793
20.81298828125,1228.0900478363037
17.056941986083984,1236.3290786743164
11.330127716064453,1228.5261154174805
3.248929977416992,1236.2511157989502
2.412080764770508,1235.579013824463
2.582073211669922,1225.8620262145996
6.249189376831055,1234.3950271606445
3.325939178466797,1224.9300479888916
2.8810501098632812,1230.752944946289
1.6393661499023438,1225.1768112182617
2.0532608032226562,1220.0098037719727
1.7848014831542969,1224.0538597106934
3.567934036254883,1230.4067611694336
5.048990249633789,1231.3199043273926
3.3838748931884766,1226.05299949646
1.9850730895996094,1220.4768657684326
2.9790401458740234,1220.310926437378
7.793188095092773,1229.6109199523926
3.35693359375,1224.9078750610352
4.842042922973633,1224.5709896087646
5.835056304931641,1232.1338653564453
9.381294250488281,1219.1658020019531
4.696130752563477,1222.0680713653564
4.357814788818359,1261.4009380340576
4.072904586791992,1209.521770477295
1.8198490142822266,1218.1339263916016
1.4629364013671875,1218.001127243042
1.5769004821777344,1219.9697494506836
1.2331008911132812,1230.7369709014893
1.634836196899414,1226.9301414489746
1.5277862548828125,1223.7377166748047
3.0813217163085938,1240.3390407562256
2.853870391845703,1214.491844177246
2.507925033569336,1237.9169464111328
0.7688999176025391,1216.3259983062744
1.390218734741211,1224.3127822875977
1.2640953063964844,1223.327875137329
1.5947818756103516,1231.40287399292
10.23411750793457,1227.5772094726562
10.225296020507812,1255.582332611084
1.3911724090576172,1211.3542556762695
5.352973937988281,1243.250846862793
3.025054931640625,1238.8689517974854
3.5669803619384766,1237.6899719238281
4.448652267456055,1244.0319061279297
5.379915237426758,1246.6700077056885
2.3272037506103516,1236.910104751587
2.5339126586914062,1240.8068180084229
1.6942024230957031,1217.9558277130127
1.9969940185546875,1223.1261730194092
2.4602413177490234,1221.6639518737793
3.9610862731933594,1215.8451080322266
4.2209625244140625,1255.4550170898438
2.373933792114258,1221.6172218322754
2.0530223846435547,1242.9282665252686
3.1769275665283203,1239.5048141479492
5.218029022216797,1241.905689239502
2.6099681854248047,1235.5129718780518
3.6296844482421875,1234.8988056182861
2.2618770599365234,1249.8159408569336
3.274202346801758,1220.8430767059326
2.7267932891845703,1220.9560871124268
1.821279525756836,1219.9201583862305
2.227783203125,1229.1576862335205
2.485990524291992,1226.9649505615234
1.6520023345947266,1232.5880527496338
5.717992782592773,1234.8339557647705
3.6110877990722656,1213.5939598083496
7.315397262573242,1212.7010822296143
2.1219253540039062,1219.6199893951416
2.2432804107666016,1242.3369884490967
4.218101501464844,1227.782964706421
2.6559829711914062,1219.4011211395264
1.894235610961914,1221.1620807647705
1.7049312591552734,1222.3670482635498
1.5749931335449219,1217.4081802368164
1.4209747314453125,1220.3688621520996
1.4090538024902344,1216.8428897857666
0.9143352508544922,1228.9440631866455
1.5430450439453125,1214.8218154907227
1.4812946319580078,1226.7210483551025
2.023935317993164,1220.1049327850342
2.5739669799804688,1222.67484664917
2.3622512817382812,1223.4668731689453
2.7320384979248047,1223.9623069763184
3.4439563751220703,1220.9160327911377
1.5461444854736328,1225.8121967315674
2.360105514526367,1231.1387062072754
1.2068748474121094,1231.0981750488281
1.302957534790039,1223.4749794006348
1.3759136199951172,1229.7730445861816
1.840829849243164,1217.5118923187256
1.6779899597167969,1221.1272716522217
11.354684829711914,1230.9629917144775
3.359079360961914,1234.4577312469482
0.7660388946533203,1233.3099842071533
11.348962783813477,1227.182149887085
2.489805221557617,1214.7629261016846
7.772922515869141,1234.342098236084
12.913942337036133,1232.4118614196777
16.167163848876953,1212.7008438110352
1.3470649719238281,1242.285966873169
0.7443428039550781,1238.5218143463135
0.9572505950927734,1241.0800457000732
1.3971328735351562,1215.1217460632324
0.4951953887939453,1221.0729122161865
0.7588863372802734,1225.5780696868896
0.6022453308105469,1228.8908958435059
0.6458759307861328,1234.3370914459229
0.5929470062255859,1224.837064743042
0.4520416259765625,1215.0471210479736
0.3561973571777344,1225.3761291503906
0.614166259765625,1232.2769165039062
0.7240772247314453,1237.9393577575684
0.7190704345703125,1238.5952472686768
1.1930465698242188,1242.9630756378174
0.47707557678222656,1232.2280406951904
0.5738735198974609,1232.0470809936523
1.032114028930664,1233.015775680542
4.332065582275391,1235.4297637939453
3.6468505859375,1239.527940750122
6.425142288208008,1240.4968738555908
3.305196762084961,1233.35599899292
3.674030303955078,1246.2151050567627
1.4500617980957031,1243.4558868408203
6.273984909057617,1223.4680652618408
3.426790237426758,1226.9082069396973
2.234935760498047,1238.778829574585
2.0008087158203125,1241.1468029022217
1.5330314636230469,1224.3502140045166
1.809835433959961,1238.1281852722168
1.0368824005126953,1235.508918762207
0.9863376617431641,1225.7890701293945
1.2998580932617188,1237.0219230651855
2.0971298217773438,1248.5771179199219
1.52587890625,1225.2066135406494
1.3751983642578125,1227.5891304016113
1.447916030883789,1235.8028888702393
0.9367465972900391,1229.1102409362793
0.80108642578125,1242.905855178833
1.188039779663086,1241.6508197784424
2.552032470703125,1216.6578769683838
2.482175827026367,1216.2580490112305
3.100872039794922,1217.489242553711
3.3788681030273438,1233.6809635162354
2.935171127319336,1229.447841644287
2.084016799926758,1218.0452346801758
2.0720958709716797,1226.5381813049316
2.5949478149414062,1218.9602851867676
2.778768539428711,1217.6170349121094
4.920005798339844,1225.4228591918945
3.8089752197265625,1212.6991748809814
2.6149749755859375,1213.9687538146973
5.7830810546875,1215.3568267822266
1.6472339630126953,1227.3132801055908
2.888917922973633,1235.9960079193115
3.074169158935547,1231.7888736724854
3.670215606689453,1258.0878734588623
2.118825912475586,1224.8170375823975
3.0851364135742188,1214.9078845977783
4.767894744873047,1211.9979858398438
3.7412643432617188,1244.6770668029785
9.75489616394043,1254.713773727417
12.59303092956543,1210.763931274414
6.860971450805664,1218.4078693389893
10.19287109375,1217.8499698638916
9.171009063720703,1212.8651142120361
1.8811225891113281,1214.8840427398682
2.154827117919922,1214.9889469146729
2.135753631591797,1245.1860904693604
0.9360313415527344,1219.590187072754
0.9510517120361328,1219.3489074707031
0.8771419525146484,1225.6050109863281
0.804901123046875,1219.4979190826416
1.344919204711914,1230.3569316864014
5.354881286621094,1252.7122497558594
6.068229675292969,1250.1730918884277
6.750822067260742,1221.343994140625
3.3278465270996094,1217.2141075134277
15.791893005371094,1230.8242321014404
1.8968582153320312,1221.5919494628906
1.8477439880371094,1223.8306999206543
1.497030258178711,1231.0459613800049
1.8668174743652344,1212.5680446624756
1.3763904571533203,1211.6122245788574
1.0340213775634766,1237.8511428833008
2.3179054260253906,1219.2001342773438
2.354860305786133,1258.185863494873
2.1429061889648438,1234.2610359191895
1.438140869140625,1218.3139324188232
1.051187515258789,1254.8060417175293
3.2339096069335938,1229.560136795044
1.8198490142822266,1239.0861511230469
4.189968109130859,1224.5209217071533
1.4231204986572266,1216.2878513336182
0.9372234344482422,1226.5229225158691
1.2788772583007812,1214.5569324493408
1.4719963073730469,1211.1291885375977
2.2101402282714844,1220.6671237945557
4.731893539428711,1228.4841537475586
4.927873611450195,1221.8260765075684
2.5708675384521484,1214.2670154571533
1.97601318359375,1214.287281036377
1.641988754272461,1227.3070812225342
4.543066024780273,1232.9161167144775
4.165887832641602,1219.0988063812256
4.240989685058594,1231.8272590637207
1.4567375183105469,1225.728988647461
5.120992660522461,1227.8649806976318
6.849050521850586,1218.9931869506836
7.623910903930664,1226.2179851531982
1.934051513671875,1220.2610969543457
3.195047378540039,1219.062089920044
4.797935485839844,1224.0512371063232
5.097866058349609,1226.625919342041
5.559206008911133,1223.4349250793457
4.281044006347656,1220.2839851379395
5.856990814208984,1214.9059772491455
1.348733901977539,1222.4798202514648
3.2677650451660156,1219.5398807525635
4.068851470947266,1222.6362228393555
23.891925811767578,1238.3549213409424
1.0120868682861328,1219.3920612335205
0.8709430694580078,1212.8779888153076
0.8561611175537109,1213.1831645965576
1.3577938079833984,1215.9581184387207
1.4579296112060547,1220.1652526855469
1.9009113311767578,1232.4178218841553
1.4851093292236328,1231.4550876617432
1.3751983642578125,1233.8230609893799
0.6721019744873047,1238.1160259246826
0.6992816925048828,1227.3228168487549
2.6102066040039062,1223.9420413970947
1.806020736694336,1230.027198791504
3.1249523162841797,1227.6909351348877
3.432035446166992,1234.116792678833
3.793001174926758,1233.7069511413574
7.356166839599609,1238.313913345337
2.3119449615478516,1220.794677734375
5.002021789550781,1220.3121185302734
3.030061721801758,1222.951889038086
2.9070377349853516,1220.8521366119385
3.3330917358398438,1221.708059310913
2.2039413452148438,1224.9572277069092
2.0737648010253906,1214.3492698669434
2.480745315551758,1217.893123626709
4.430055618286133,1211.270809173584
2.560138702392578,1230.992317199707
1.9919872283935547,1229.0260791778564
2.202749252319336,1229.96187210083
3.0689239501953125,1213.7508392333984
3.839254379272461,1213.5329246520996
2.7229785919189453,1218.752145767212
8.305072784423828,1214.7059440612793
0.7159709930419922,1213.0308151245117
1.4178752899169922,1210.669994354248
0.8139610290527344,1214.7250175476074
1.2331008911132812,1215.5368328094482
1.9440650939941406,1252.7039051055908
2.532958984375,1249.53293800354
1.0190010070800781,1235.9099388122559
1.3377666473388672,1220.7071781158447
1.1470317840576172,1219.181776046753
0.9920597076416016,1226.470947265625
1.4081001281738281,1216.0508632659912
1.1849403381347656,1218.9111709594727
1.107931137084961,1210.4010581970215
1.043081283569336,1215.7092094421387
0.9820461273193359,1229.344129562378
1.0471343994140625,1221.0686206817627
1.4679431915283203,1222.5162982940674
1.3828277587890625,1222.1379280090332
1.0228157043457031,1213.3569717407227
1.1227130889892578,1215.1679992675781
0.9000301361083984,1276.4668464660645
0.8339881896972656,1236.7191314697266
1.1599063873291016,1220.876932144165
1.0750293731689453,1221.7040061950684
1.394033432006836,1216.3729667663574
1.7070770263671875,1213.543176651001
1.3668537139892578,1213.9229774475098
1.3399124145507812,1218.3048725128174
1.2819766998291016,1216.5358066558838
1.4641284942626953,1214.2689228057861
1.203775405883789,1225.9039878845215
1.332998275756836,1213.4051322937012
0.9920597076416016,1213.8950824737549
0.8680820465087891,1223.038911819458
7.9250335693359375,1244.1802024841309
2.6428699493408203,1242.222785949707
2.6040077209472656,1219.9771404266357
2.5129318237304688,1219.1498279571533
1.2958049774169922,1224.9062061309814
1.1930465698242188,1227.7350425720215
1.1200904846191406,1268.4268951416016
1.3532638549804688,1270.8179950714111
3.47900390625,1266.362190246582
3.74603271484375,1275.0649452209473
3.5703182220458984,1259.0818405151367
2.3279190063476562,1280.2369594573975
1.7452239990234375,1297.569751739502
2.035379409790039,1225.6090641021729
1.8241405487060547,1219.810962677002
1.6689300537109375,1254.7528743743896
6.200075149536133,1220.121145248413
5.7086944580078125,1217.5328731536865
5.326032638549805,1270.4312801361084
2.5949478149414062,1285.8901023864746
54.155826568603516,1212.5627994537354
5.421161651611328,1231.70804977417
4.030942916870117,1234.1790199279785
11.845111846923828,1211.9500637054443
12.679815292358398,1213.460922241211
13.426780700683594,1213.3750915527344
2.9349327087402344,1222.5890159606934
2.973794937133789,1220.4761505126953
2.888202667236328,1213.1919860839844
2.713918685913086,1213.5720252990723
4.321098327636719,1226.6671657562256
2.056121826171875,1243.3159351348877
2.1491050720214844,1239.0530109405518
6.3381195068359375,1243.3018684387207
43.70474815368652,1268.9237594604492
37.348031997680664,1261.589765548706
2.474069595336914,1220.8950519561768
2.6366710662841797,1235.4516983032227
1.7480850219726562,1221.3361263275146
1.2772083282470703,1223.7780094146729
2.6009082794189453,1285.4769229888916
3.1790733337402344,1292.13285446167
2.9408931732177734,1274.5747566223145
1.7600059509277344,1246.340036392212
4.721164703369141,1248.1470108032227
7.38215446472168,1236.4470958709717
2.69317626953125,1255.9611797332764
2.362966537475586,1210.9870910644531
2.276897430419922,1218.4278964996338
3.0488967895507812,1213.6378288269043
3.721952438354492,1249.8047351837158
4.1141510009765625,1241.253137588501
3.3528804779052734,1266.7839527130127
2.638101577758789,1218.555212020874
2.420186996459961,1214.3709659576416
1.959085464477539,1268.782138824463
1.459360122680664,1223.1090068817139
2.5107860565185547,1222.5537300109863
3.004789352416992,1215.2111530303955
5.313873291015625,1217.4208164215088
2.544879913330078,1214.3669128417969
4.519224166870117,1213.8571739196777
3.2711029052734375,1215.5189514160156
2.0568370819091797,1223.0992317199707
2.7871131896972656,1219.1951274871826
1.9600391387939453,1231.248140335083
2.3298263549804688,1219.912052154541
2.279996871948242,1215.5349254608154
3.0629634857177734,1224.6520519256592
3.2770633697509766,1215.653896331787
3.5109519958496094,1220.0782299041748
1.8558502197265625,1221.0261821746826
2.640962600708008,1217.8266048431396
4.346132278442383,1217.5710201263428
4.817724227905273,1213.353157043457
4.705190658569336,1217.5068855285645
2.7120113372802734,1214.7841453552246
3.679990768432617,1214.8840427398682
2.9900074005126953,1215.6519889831543
1.7848014831542969,1217.4909114837646
2.863168716430664,1223.9668369293213
2.3598670959472656,1222.350835800171
2.0678043365478516,1213.3047580718994
1.811981201171875,1220.4790115356445
2.361774444580078,1233.618974685669
2.9740333557128906,1225.5120277404785
1.5480518341064453,1228.9769649505615
1.6400814056396484,1214.1339778900146
1.5149116516113281,1221.6200828552246
1.1360645294189453,1223.2661247253418
1.0538101196289062,1223.24800491333
0.8647441864013672,1226.7577648162842
1.1432170867919922,1232.5470447540283
4.15802001953125,1231.794834136963
0.9760856628417969,1237.4708652496338
0.9407997131347656,1233.7021827697754
0.9920597076416016,1232.4621677398682
0.7698535919189453,1214.9450778961182
0.9620189666748047,1224.3869304656982
3.4589767456054688,1213.5090827941895
2.736806869506836,1226.501703262329
3.763914108276367,1224.2097854614258
3.2062530517578125,1234.915018081665
3.7000179290771484,1219.843864440918
2.732992172241211,1222.0113277435303
3.432035446166992,1222.6817607879639
5.489826202392578,1222.1992015838623
3.1900405883789062,1214.8561477661133
1.9173622131347656,1216.5369987487793
5.13911247253418,1220.127820968628
5.275964736938477,1220.9548950195312
4.766941070556641,1220.108985900879
1.6770362854003906,1217.421054840088
1.405954360961914,1223.1481075286865
1.2218952178955078,1222.531795501709
2.891063690185547,1222.3021984100342
2.4809837341308594,1223.010778427124
2.858877182006836,1218.2672023773193
2.9697418212890625,1227.4971008300781
2.3920536041259766,1216.1099910736084
6.641149520874023,1215.7328128814697
1.9309520721435547,1213.1719589233398
2.418994903564453,1214.1141891479492
2.3539066314697266,1216.2749767303467
2.4428367614746094,1217.4909114837646
2.1200180053710938,1216.7589664459229
2.614736557006836,1213.9880657196045
1.9371509552001953,1215.06929397583
2.02178955078125,1219.6059226989746
2.094745635986328,1218.2033061981201
2.134084701538086,1215.4350280761719
2.042055130004883,1225.2540588378906
2.2020339965820312,1219.926118850708
3.789663314819336,1217.6339626312256
3.2320022583007812,1223.9899635314941
1.4750957489013672,1219.3820476531982
2.3419857025146484,1259.572982788086
8.635759353637695,1245.2681064605713
3.5457611083984375,1249.2387294769287
1.9068717956542969,1271.700143814087
1.7592906951904297,1270.5481052398682
1.6970634460449219,1220.8011150360107
1.3861656188964844,1219.857931137085
6.472110748291016,1219.031810760498
6.829977035522461,1274.435043334961
2.476215362548828,1267.613172531128
1.7299652099609375,1273.3089923858643
1.6989707946777344,1277.9228687286377
6.747007369995117,1288.935899734497
3.5071372985839844,1252.4199485778809
5.366086959838867,1238.3842468261719
0.9560585021972656,1215.5821323394775
0.6561279296875,1217.3359394073486
1.3632774353027344,1214.1191959381104
1.0471343994140625,1266.4821147918701
0.7481575012207031,1250.9403228759766
0.6270408630371094,1260.9052658081055
0.9331703186035156,1253.026008605957
1.4882087707519531,1265.5479907989502
9.511947631835938,1265.204906463623
4.450798034667969,1263.7839317321777
3.498077392578125,1251.861810684204
2.9039382934570312,1219.2320823669434
2.613067626953125,1248.5568523406982
2.4199485778808594,1254.7876834869385
1.9450187683105469,1249.8221397399902
2.44903564453125,1241.6276931762695
6.110191345214844,1244.199275970459
7.57908821105957,1219.3059921264648
5.683183670043945,1267.0807838439941
4.575967788696289,1247.1718788146973
6.995201110839844,1269.0308094024658
8.764982223510742,1257.4388980865479
1.3489723205566406,1283.4422588348389
1.1191368103027344,1287.6060009002686
1.1439323425292969,1258.9828968048096
0.8490085601806641,1255.6109428405762
0.9999275207519531,1251.5950202941895
2.3317337036132812,1280.925989151001
1.3849735260009766,1276.6730785369873
1.1179447174072266,1254.9769878387451
4.017829895019531,1244.0500259399414
0.7638931274414062,1225.0919342041016
0.453948974609375,1242.490291595459
0.4851818084716797,1217.6513671875
0.5979537963867188,1246.9120025634766
0.7002353668212891,1246.2131977081299
0.6260871887207031,1289.632797241211
0.43892860412597656,1248.7449645996094
0.45680999755859375,1260.389804840088
1.0921955108642578,1254.53519821167
8.663177490234375,1220.6447124481201
2.866029739379883,1231.200933456421
0.4601478576660156,1224.858045578003
2.2232532501220703,1250.1628398895264
2.3810863494873047,1265.9850120544434
1.7421245574951172,1246.5908527374268
4.380941390991211,1268.4710025787354
7.426023483276367,1236.0820770263672
9.436845779418945,1257.3230266571045
9.378671646118164,1226.5691757202148
7.351875305175781,1242.2471046447754
4.231929779052734,1247.6551532745361
1.3587474822998047,1213.5810852050781
2.440214157104492,1214.9202823638916
2.398967742919922,1217.9489135742188
1.2450218200683594,1215.083122253418
1.8849372863769531,1219.459056854248
4.639148712158203,1284.9736213684082
3.41796875,1254.9641132354736
2.808094024658203,1269.4509029388428
4.29081916809082,1274.298906326294
1.6982555389404297,1286.4408493041992
2.7010440826416016,1266.2742137908936
7.4939727783203125,1262.3381614685059
0.8509159088134766,1267.7440643310547
0.6840229034423828,1247.1232414245605
0.6222724914550781,1227.550983428955
0.6351470947265625,1246.6685771942139
2.9599666595458984,1231.8251132965088
2.9060840606689453,1267.038106918335
2.8028488159179688,1244.0390586853027
3.1538009643554688,1262.6349925994873
2.7189254760742188,1252.5861263275146
2.1049976348876953,1252.4480819702148
2.0699501037597656,1258.4929466247559
11.696100234985352,1259.5701217651367
6.779909133911133,1266.4752006530762
2.418994903564453,1260.8401775360107
2.2399425506591797,1267.218828201294
2.2039413452148438,1266.0291194915771
1.132965087890625,1244.6420192718506
0.9121894836425781,1274.8677730560303
1.277923583984375,1271.4197635650635
1.6949176788330078,1222.9351997375488
2.2819042205810547,1227.3359298706055
2.4940967559814453,1260.9829902648926
1.6179084777832031,1261.3179683685303
1.4989376068115234,1262.542963027954
2.7980804443359375,1228.3620834350586
2.540111541748047,1221.8821048736572
2.374887466430664,1263.0729675292969
2.231121063232422,1223.6669063568115
0.9579658508300781,1224.5311737060547
0.6821155548095703,1219.6900844573975
0.7538795471191406,1223.2608795166016
0.7407665252685547,1268.630027770996
0.7219314575195312,1243.5877323150635
0.5960464477539062,1257.2319507598877
0.8368492126464844,1268.8310146331787
1.5239715576171875,1274.9898433685303
1.8322467803955078,1227.8399467468262
11.175870895385742,1226.7787456512451
2.3260116577148438,1259.260892868042
2.038717269897461,1231.3239574432373
3.695964813232422,1214.9059772491455
2.560853958129883,1215.817928314209
3.5462379455566406,1216.1400318145752
3.5750865936279297,1210.4430198669434
1.6248226165771484,1217.6201343536377
1.1878013610839844,1253.1118392944336
1.3036727905273438,1255.6610107421875
1.9807815551757812,1223.973035812378
2.7539730072021484,1233.5779666900635
1.4491081237792969,1235.9740734100342
4.730939865112305,1235.671043395996
3.7081241607666016,1218.189001083374
2.6848316192626953,1212.4543190002441
1.8968582153320312,1215.688943862915
1.8091201782226562,1227.0426750183105
1.8491744995117188,1228.3692359924316
2.7990341186523438,1222.2461700439453
2.287149429321289,1212.3157978057861
3.837108612060547,1211.6010189056396
2.3941993713378906,1221.437931060791
2.663135528564453,1212.7130031585693
2.6009082794189453,1219.2728519439697
2.7799606323242188,1220.5488681793213
2.8138160705566406,1223.7458229064941
3.1239986419677734,1213.4740352630615
3.5500526428222656,1228.2190322875977
2.7267932891845703,1229.6271324157715
3.0329227447509766,1214.7409915924072
1.867055892944336,1215.2211666107178
2.768278121948242,1214.6451473236084
2.7282238006591797,1229.7940254211426
1.9931793212890625,1226.2749671936035
1.9421577453613281,1215.414047241211
4.71186637878418,1247.765064239502
3.548860549926758,1214.674949645996
4.515171051025391,1223.8740921020508
5.048036575317383,1242.5041198730469
1.8770694732666016,1217.5202369689941
1.1649131774902344,1227.0960807800293
1.148223876953125,1224.50590133667
0.9379386901855469,1242.351770401001
1.4848709106445312,1230.3800582885742
2.101898193359375,1236.7501258850098
1.5909671783447266,1254.1139125823975
1.543283462524414,1259.732961654663
1.5289783477783203,1264.72806930542
1.825094223022461,1224.3809700012207
2.7680397033691406,1236.299991607666
2.5153160095214844,1233.2608699798584
4.110097885131836,1246.1590766906738
8.326292037963867,1246.8202114105225
3.8771629333496094,1237.3759746551514
8.348226547241211,1234.5688343048096
2.293825149536133,1227.9889583587646
1.9001960754394531,1219.1081047058105
2.299070358276367,1245.9020614624023
2.2509098052978516,1239.5708560943604
1.8918514251708984,1250.9169578552246
2.197265625,1213.7761116027832
1.996755599975586,1215.2538299560547
2.0029544830322266,1217.8068161010742
1.7437934875488281,1248.091220855713
1.2969970703125,1248.309850692749
1.3802051544189453,1225.501298904419
0.9481906890869141,1231.6789627075195
1.589059829711914,1229.4692993164062
0.7710456848144531,1241.2641048431396
0.7128715515136719,1239.137887954712
0.8146762847900391,1228.6579608917236
6.871938705444336,1242.656946182251
6.036043167114258,1247.4119663238525
3.3540725708007812,1245.445728302002
3.9069652557373047,1219.0330028533936
2.0799636840820312,1217.8380489349365
9.245157241821289,1244.71116065979
1.9221305847167969,1217.0698642730713
2.92205810546875,1234.004259109497
1.264810562133789,1248.4538555145264
1.4598369598388672,1236.396074295044
2.0301342010498047,1250.5779266357422
2.0952224731445312,1220.768928527832
1.6510486602783203,1222.0921516418457
4.7168731689453125,1252.7940273284912
4.834175109863281,1214.8277759552002
1.909017562866211,1210.824966430664
1.743316650390625,1237.0049953460693
1.7578601837158203,1218.8999652862549
2.9332637786865234,1237.766981124878
2.628326416015625,1235.6650829315186
8.661031723022461,1218.2960510253906
2.8662681579589844,1236.8886470794678
2.519845962524414,1226.5288829803467
14.87421989440918,1215.7618999481201
4.260063171386719,1215.066909790039
2.7740001678466797,1230.3760051727295
3.9980411529541016,1224.5368957519531
4.348278045654297,1216.9549465179443
2.6569366455078125,1225.8379459381104
7.047176361083984,1220.4179763793945
7.2078704833984375,1225.2299785614014
2.81524658203125,1249.3889331817627
2.5420188903808594,1214.134931564331
3.8068294525146484,1217.2138690948486
3.0319690704345703,1237.01810836792
2.6521682739257812,1220.6792831420898
2.351045608520508,1220.1149463653564
2.263784408569336,1214.8332595825195
2.2699832916259766,1217.7419662475586
1.703023910522461,1239.7451400756836
1.3530254364013672,1238.7449741363525
1.461029052734375,1213.5932445526123
1.38092041015625,1217.0581817626953
1.348733901977539,1220.9372520446777
1.2869834899902344,1219.5069789886475
1.7309188842773438,1218.0860042572021
1.2447834014892578,1221.0609912872314
0.7379055023193359,1219.3479537963867
1.9938945770263672,1216.5210247039795
1.608133316040039,1220.6981182098389
2.110004425048828,1223.6192226409912
1.5900135040283203,1215.9769535064697
2.1941661834716797,1223.3760356903076
1.7600059509277344,1222.3320007324219
0.9629726409912109,1218.7581062316895
0.6196498870849609,1219.092845916748
0.7648468017578125,1216.3922786712646
2.7480125427246094,1235.5787754058838
3.3609867095947266,1215.1029109954834
1.043081283569336,1222.1179008483887
0.9028911590576172,1224.311113357544
1.5070438385009766,1215.4028415679932
1.4948844909667969,1218.0001735687256
7.996797561645508,1224.8589992523193
9.593963623046875,1234.9069118499756
1.374959945678711,1227.0350456237793
1.1301040649414062,1235.1069450378418
1.6202926635742188,1215.9419059753418
1.373291015625,1236.4170551300049
0.7901191711425781,1235.9178066253662
0.7579326629638672,1235.9278202056885
0.6809234619140625,1212.6882076263428
20.582199096679688,1249.8359680175781
1.1110305786132812,1221.9641208648682
0.6580352783203125,1232.9411506652832
0.8299350738525391,1216.918706893921
0.6589889526367188,1230.9901714324951
0.5681514739990234,1224.7109413146973
1.0256767272949219,1237.3950481414795
1.0900497436523438,1239.055871963501
0.9911060333251953,1249.4401931762695
0.8859634399414062,1233.124017715454
0.9100437164306641,1250.5741119384766
3.957033157348633,1225.5072593688965
3.4329891204833984,1225.6078720092773
3.6809444427490234,1222.316026687622
2.2509098052978516,1214.0977382659912
1.538991928100586,1252.4499893188477
4.225969314575195,1247.2848892211914
3.132343292236328,1235.4989051818848
3.4949779510498047,1232.551097869873
3.4089088439941406,1232.893943786621
3.3190250396728516,1235.7091903686523
1.5058517456054688,1219.7391986846924
3.3102035522460938,1223.6659526824951
3.1881332397460938,1215.1908874511719
2.7556419372558594,1247.650146484375
2.502918243408203,1245.248794555664
2.1398067474365234,1241.9428825378418
2.6950836181640625,1235.530138015747
3.618001937866211,1234.0290546417236
3.010988235473633,1219.4108963012695
3.3130645751953125,1229.4931411743164
4.8618316650390625,1246.0730075836182
2.5072097778320312,1226.3360023498535
3.165006637573242,1240.556001663208
3.2067298889160156,1219.7859287261963
8.491992950439453,1227.2088527679443
3.8318634033203125,1215.743064880371
3.2448768615722656,1231.1091423034668
3.025054931640625,1227.3437976837158
2.9480457305908203,1217.1592712402344
3.6263465881347656,1237.691879272461
2.653837203979492,1251.2402534484863
2.5229454040527344,1220.7930088043213
2.4518966674804688,1217.822790145874
2.8450489044189453,1220.7131385803223
1.5807151794433594,1224.7049808502197
1.409769058227539,1237.0429039001465
1.8322467803955078,1222.9220867156982
1.7788410186767578,1227.1170616149902
3.804922103881836,1230.0920486450195
2.907991409301758,1243.6301708221436
5.789041519165039,1225.9242534637451
11.384010314941406,1224.5409488677979
7.322072982788086,1234.6909046173096
8.394002914428711,1228.71994972229
3.317117691040039,1241.4891719818115
3.0541419982910156,1219.4948196411133
4.451990127563477,1223.8349914550781
2.458810806274414,1246.859073638916
4.441261291503906,1228.2068729400635
4.556179046630859,1236.1390590667725
2.2988319396972656,1224.4799137115479
2.6328563690185547,1225.7912158966064
1.7647743225097656,1231.1608791351318
2.3360252380371094,1225.1269817352295
2.330780029296875,1233.8800430297852
2.0940303802490234,1239.1419410705566
1.7430782318115234,1232.3658466339111
2.215147018432617,1238.0449771881104
2.009868621826172,1239.8929595947266
1.543283462524414,1233.8640689849854
3.016948699951172,1214.9720191955566
23.642778396606445,1231.6081523895264
1.5797615051269531,1250.797986984253
2.0689964294433594,1218.0469036102295
4.359960556030273,1222.3899364471436
1.9803047180175781,1223.120927810669
9.04393196105957,1221.9040393829346
1.6939640045166016,1224.9720096588135
28.68199348449707,1229.2370796203613
9.683847427368164,1230.226993560791
10.639190673828125,1231.368064880371
0.6120204925537109,1243.415117263794
0.6399154663085938,1234.593152999878
0.7588863372802734,1231.9328784942627
0.9191036224365234,1259.8631381988525
3.2639503479003906,1277.0843505859375
2.0422935485839844,1242.0308589935303
7.222175598144531,1231.9438457489014
2.7320384979248047,1225.1079082489014
2.270936965942383,1228.2187938690186
1.996755599975586,1242.2230243682861
3.256082534790039,1245.676040649414
2.8848648071289062,1242.9702281951904
3.648996353149414,1250.8132457733154
1.7049312591552734,1215.7630920410156
4.250764846801758,1245.6121444702148
3.0069351196289062,1233.1480979919434
1.6078948974609375,1226.6101837158203
1.0743141174316406,1233.247995376587
1.0128021240234375,1234.3664169311523
1.138925552368164,1218.7650203704834
0.9770393371582031,1209.5069885253906
1.992940902709961,1260.9038352966309
1.5518665313720703,1233.2782745361328
2.1898746490478516,1222.085952758789
2.4499893188476562,1218.9350128173828
2.609729766845703,1227.0081043243408
3.1328201293945312,1222.391128540039
3.287076950073242,1243.1230545043945
5.729198455810547,1243.6130046844482
4.626989364624023,1246.4399337768555
2.0279884338378906,1231.7848205566406
3.6420822143554688,1239.7820949554443
3.1621456146240234,1239.738941192627
2.318143844604492,1228.4140586853027
1.2822151184082031,1211.2557888031006
0.823974609375,1215.3420448303223
0.8358955383300781,1219.393014907837
6.138324737548828,1235.802173614502
2.123594284057617,1227.6229858398438
2.8612613677978516,1223.9577770233154
1.7511844635009766,1237.8549575805664
1.6367435455322266,1243.3831691741943
20.09892463684082,1249.4451999664307
13.422012329101562,1242.6769733428955
2.7620792388916016,1234.5929145812988
2.567291259765625,1225.9321212768555
2.4640560150146484,1230.635643005371
3.9038658142089844,1229.266881942749
2.778291702270508,1229.118824005127
2.3009777069091797,1270.6780433654785
2.402067184448242,1235.5220317840576
23.646831512451172,1213.9599323272705
9.467840194702148,1233.004093170166
1.0368824005126953,1228.7540435791016
1.6770362854003906,1235.9297275543213
2.4771690368652344,1279.4148921966553
2.8619766235351562,1236.5810871124268
2.138853073120117,1214.6341800689697
2.007007598876953,1214.238166809082
2.669811248779297,1227.550983428955
3.6821365356445312,1217.6487445831299
1.3759136199951172,1220.9858894348145
4.1370391845703125,1224.0149974822998
2.195119857788086,1241.9750690460205
1.7306804656982422,1245.0079917907715
2.9129981994628906,1252.1860599517822
2.8319358825683594,1236.379861831665
2.238035202026367,1210.5159759521484
11.302947998046875,1220.8781242370605
12.775182723999023,1216.0520553588867
2.2330284118652344,1225.912094116211
4.807949066162109,1252.406120300293
1.8918514251708984,1216.7108058929443
2.9692649841308594,1220.3662395477295
2.022981643676758,1215.9509658813477
1.6720294952392578,1218.4901237487793
2.4051666259765625,1221.23122215271
2.007007598876953,1223.4530448913574
2.0208358764648438,1252.2029876708984
3.5991668701171875,1228.7909984588623
8.182764053344727,1228.9161682128906
3.407001495361328,1228.9118766784668
3.6809444427490234,1223.3281135559082
3.6449432373046875,1224.585771560669
2.4766921997070312,1216.4008617401123
4.200935363769531,1273.23317527771
4.001855850219727,1221.4789390563965
3.701925277709961,1220.836877822876
9.437799453735352,1272.6211547851562
2.6466846466064453,1217.5240516662598
4.19926643371582,1257.2808265686035
3.361940383911133,1269.8338031768799
2.044200897216797,1262.8941535949707
3.039121627807617,1235.517978668213
3.992795944213867,1253.720998764038
2.9349327087402344,1254.3082237243652
2.3860931396484375,1262.204885482788
2.8209686279296875,1261.1172199249268
2.474069595336914,1218.2257175445557
1.2962818145751953,1223.9532470703125
1.1301040649414062,1224.3640422821045
29.808998107910156,1215.273380279541
1.9450187683105469,1218.3260917663574
0.7772445678710938,1222.0690250396729
0.6272792816162109,1217.0360088348389
0.8168220520019531,1220.961093902588
0.8120536804199219,1212.8291130065918
1.096963882446289,1212.8219604492188
0.926971435546875,1297.8150844573975
1.7380714416503906,1229.1927337646484
1.7290115356445312,1218.2598114013672
2.676248550415039,1226.1669635772705
2.7718544006347656,1211.5402221679688
3.429889678955078,1230.9908866882324
2.1092891693115234,1226.3898849487305
4.189968109130859,1232.2592735290527
6.093025207519531,1220.2610969543457
3.0651092529296875,1215.8551216125488
6.910085678100586,1229.0189266204834
1.6798973083496094,1230.464220046997
2.285003662109375,1229.8731803894043
2.2039413452148438,1213.4218215942383
2.084970474243164,1245.0640201568604
1.5821456909179688,1242.476224899292
2.0308494567871094,1218.801736831665
2.4099349975585938,1223.8097190856934
4.139184951782227,1255.8960914611816
6.683111190795898,1257.2932243347168
0.8392333984375,1224.1580486297607
0.6918907165527344,1265.8579349517822
0.7951259613037109,1263.1721496582031
0.8039474487304688,1224.1296768188477
0.6148815155029297,1222.5940227508545
1.0290145874023438,1217.2417640686035
1.2247562408447266,1216.318130493164
0.8547306060791016,1214.4420146942139
1.1668205261230469,1218.1260585784912
0.8459091186523438,1216.02201461792
0.8199214935302734,1211.604118347168
0.7281303405761719,1215.273141860962
0.6699562072753906,1237.8828525543213
0.57220458984375,1230.6129932403564
0.4971027374267578,1230.041742324829
0.6771087646484375,1229.8228740692139
0.8289813995361328,1239.238977432251
2.1321773529052734,1236.3247871398926
1.4960765838623047,1232.6982021331787
1.458883285522461,1249.3131160736084
0.8091926574707031,1249.418020248413
1.9180774688720703,1234.9467277526855
3.2958984375,1234.1811656951904
2.973794937133789,1220.1652526855469
2.8700828552246094,1239.1998767852783
2.026081085205078,1227.6928424835205
2.8028488159179688,1218.2002067565918
3.5240650177001953,1234.5011234283447
1.9488334655761719,1242.6841259002686
1.6939640045166016,1244.0009117126465
1.6970634460449219,1215.7559394836426
2.4378299713134766,1229.5961380004883
3.2639503479003906,1217.2229290008545
6.331920623779297,1217.7660465240479
1.3041496276855469,1232.422113418579
1.8508434295654297,1259.6068382263184
1.6586780548095703,1226.2887954711914
1.425027847290039,1235.3770732879639
1.2378692626953125,1218.602180480957
1.1761188507080078,1227.5447845458984
0.9000301361083984,1219.5639610290527
2.2661685943603516,1216.7408466339111
2.7730464935302734,1217.4620628356934
7.8678131103515625,1242.2521114349365
1.3430118560791016,1218.2209491729736
4.137277603149414,1236.475944519043
1.9478797912597656,1226.2039184570312
11.422872543334961,1217.2930240631104
0.8678436279296875,1247.8091716766357
0.8380413055419922,1243.7770366668701
0.6148815155029297,1236.3090515136719
0.7469654083251953,1245.2061176300049
0.6630420684814453,1291.778802871704
0.6427764892578125,1256.2167644500732
0.7069110870361328,1223.3469486236572
0.6918907165527344,1231.1952114105225
0.6492137908935547,1245.879888534546
1.7960071563720703,1250.8220672607422
0.9748935699462891,1240.1070594787598
3.055095672607422,1246.0637092590332
4.547119140625,1247.0510005950928
5.783796310424805,1235.4769706726074
2.4340152740478516,1223.2840061187744
3.702878952026367,1236.792802810669
1.5840530395507812,1230.5288314819336
3.453969955444336,1231.4739227294922
3.3948421478271484,1247.2898960113525
1.2350082397460938,1243.9007759094238
0.8840560913085938,1242.988109588623
1.1699199676513672,1245.3112602233887
1.9650459289550781,1247.8070259094238
1.750946044921875,1216.3536548614502
2.187967300415039,1217.444896697998
4.533052444458008,1214.3211364746094
8.79216194152832,1215.17014503479
2.028226852416992,1214.2810821533203
3.406047821044922,1216.865062713623
2.964019775390625,1221.278429031372
3.1239986419677734,1229.2160987854004
3.3998489379882812,1214.536190032959
2.852916717529297,1229.659080505371
2.716064453125,1227.2980213165283
3.016948699951172,1216.2959575653076
2.9261112213134766,1217.5660133361816
2.9201507568359375,1214.0569686889648
3.789186477661133,1214.662790298462
2.7670860290527344,1220.6249237060547
2.637147903442383,1230.1709651947021
1.9991397857666016,1228.1029224395752
2.237081527709961,1218.764066696167
2.9859542846679688,1211.7021083831787
4.301786422729492,1210.3378772735596
2.3679733276367188,1219.2308902740479
3.5288333892822266,1213.0639553070068
13.915061950683594,1223.6909866333008
2.8150081634521484,1222.6719856262207
3.7751197814941406,1216.9828414916992
1.767873764038086,1214.4031524658203
1.5370845794677734,1216.7561054229736
1.992940902709961,1217.9887294769287
11.174917221069336,1218.9679145812988
8.734941482543945,1209.9051475524902
12.70604133605957,1217.635154724121
8.31913948059082,1213.4828567504883
10.472774505615234,1212.859869003296
12.65573501586914,1220.8640575408936
7.918119430541992,1253.8888454437256
1.667022705078125,1221.8759059906006
1.8880367279052734,1225.0971794128418
2.0139217376708984,1226.5410423278809
1.3990402221679688,1223.8237857818604
1.5909671783447266,1214.7350311279297
1.5308856964111328,1234.1282367706299
2.6040077209472656,1223.7770557403564
1.9021034240722656,1214.9810791015625
1.4102458953857422,1224.3287563323975
1.2388229370117188,1221.9901084899902
3.0128955841064453,1223.4477996826172
2.440929412841797,1215.6429290771484
2.195119857788086,1212.6867771148682
6.173849105834961,1233.5872650146484
7.644176483154297,1214.0491008758545
7.465124130249023,1221.628189086914
2.7840137481689453,1232.133150100708
2.8488636016845703,1225.2399921417236
7.87663459777832,1253.2591819763184
1.7979145050048828,1217.0372009277344
1.7459392547607422,1216.3190841674805
1.901865005493164,1231.137990951538
3.2808780670166016,1232.6819896697998
3.668069839477539,1232.7327728271484
2.2079944610595703,1227.3950576782227
2.2668838500976562,1223.9432334899902
2.5129318237304688,1216.2222862243652
1.811981201171875,1237.4379634857178
2.162933349609375,1220.9100723266602
4.065990447998047,1228.4338474273682
2.3980140686035156,1229.8951148986816
2.332925796508789,1223.017930984497
4.19306755065918,1224.4510650634766
4.088163375854492,1217.6620960235596
2.997159957885742,1234.9770069122314
2.218008041381836,1215.0542736053467
2.502918243408203,1214.2608165740967
2.6369094848632812,1224.3080139160156
3.5948753356933594,1227.726936340332
3.542184829711914,1215.3799533843994
1.7118453979492188,1226.39799118042
2.412080764770508,1221.282958984375
2.0439624786376953,1232.7699661254883
2.370119094848633,1231.9040298461914
3.8437843322753906,1218.1849479675293
1.6100406646728516,1218.0240154266357
4.137992858886719,1219.6228504180908
2.768993377685547,1220.6950187683105
6.515979766845703,1223.1407165527344
3.954172134399414,1234.8101139068604
1.7359256744384766,1244.2398071289062
1.093149185180664,1221.771001815796
0.8268356323242188,1218.3029651641846
1.8749237060546875,1219.5792198181152
3.9970874786376953,1221.0988998413086
2.192974090576172,1224.7469425201416
2.002239227294922,1230.7419776916504
1.3229846954345703,1226.1831760406494
23.012876510620117,1214.2910957336426
25.123119354248047,1219.900131225586
3.5851001739501953,1223.0398654937744
3.2732486724853516,1229.7680377960205
3.210783004760742,1216.737985610962
5.911827087402344,1218.4789180755615
8.244991302490234,1219.2320823669434
5.559206008911133,1214.6060466766357
7.653951644897461,1228.3031940460205
7.531881332397461,1218.1079387664795
8.28099250793457,1220.0419902801514
8.434295654296875,1217.7948951721191
5.267143249511719,1219.5169925689697
2.250194549560547,1225.2631187438965
2.710103988647461,1231.4398288726807
3.5598278045654297,1225.0852584838867
2.7420520782470703,1220.0641632080078
3.802061080932617,1217.5590991973877
1.4910697937011719,1215.1060104370117
1.9841194152832031,1214.2541408538818
2.6412010192871094,1223.7329483032227
4.406929016113281,1225.5210876464844
2.022981643676758,1220.9620475769043
3.039121627807617,1219.6071147918701
3.3330917358398438,1212.460994720459
3.367900848388672,1212.8610610961914
1.8360614776611328,1209.0070247650146
1.8761157989501953,1217.8781032562256
3.367900848388672,1221.14896774292
2.608060836791992,1221.0280895233154
3.675222396850586,1223.5257625579834
2.2230148315429688,1230.8712005615234
7.647991180419922,1217.4110412597656
0.8649826049804688,1221.5371131896973
7.955789566040039,1223.8202095031738
2.8090476989746094,1220.3049659729004
1.435995101928711,1222.8150367736816
9.301900863647461,1208.0419063568115
5.769968032836914,1211.1258506774902
2.8390884399414062,1217.7491188049316
2.147197723388672,1219.2769050598145
3.773927688598633,1214.1709327697754
5.459070205688477,1215.9008979797363
4.511117935180664,1217.7109718322754
1.64794921875,1218.5347080230713
0.7498264312744141,1215.9297466278076
1.3840198516845703,1220.2980518341064
0.5769729614257812,1221.0822105407715
1.0099411010742188,1215.1298522949219
0.9217262268066406,1210.9930515289307
23.159027099609375,1210.0698947906494
2.7899742126464844,1214.0607833862305
1.0082721710205078,1221.405029296875
0.7750988006591797,1221.6660976409912
0.6911754608154297,1219.1600799560547
1.744985580444336,1214.3919467926025
0.7898807525634766,1220.9231853485107
0.8211135864257812,1219.102144241333
1.566171646118164,1214.7901058197021
1.2950897216796875,1219.109058380127
1.3070106506347656,1229.1181087493896
2.0508766174316406,1211.7211818695068
1.7538070678710938,1216.7868614196777
1.1320114135742188,1217.2908782958984
1.1458396911621094,1224.7581481933594
0.9748935699462891,1215.411901473999
1.1479854583740234,1219.2811965942383
1.0917186737060547,1223.3030796051025
1.5921592712402344,1223.5620021820068
1.1692047119140625,1216.8538570404053
0.8442401885986328,1217.012882232666
1.8448829650878906,1229.00390625
1.4832019805908203,1223.6521244049072
2.032041549682617,1227.1771430969238
3.955364227294922,1227.0987033843994
7.852077484130859,1243.8032627105713
5.8460235595703125,1243.5710430145264
7.088899612426758,1217.8947925567627
1.9960403442382812,1218.609094619751
2.0329952239990234,1226.6039848327637
1.5439987182617188,1222.2647666931152
3.103017807006836,1224.358081817627
7.892847061157227,1251.9381046295166
16.591787338256836,1220.6592559814453
15.297889709472656,1233.6511611938477
2.0949840545654297,1241.1410808563232
2.7179718017578125,1227.297067642212
0.8382797241210938,1247.1637725830078
0.682830810546875,1222.7449417114258
5.681753158569336,1241.3020133972168
2.3679733276367188,1218.2111740112305
2.640247344970703,1223.7348556518555
1.6589164733886719,1243.368148803711
2.966165542602539,1216.7627811431885
2.6340484619140625,1222.9318618774414
3.1862258911132812,1223.4280109405518
2.8231143951416016,1217.175006866455
2.650737762451172,1233.238935470581
2.440929412841797,1234.7357273101807
1.9900798797607422,1243.8137531280518
2.2449493408203125,1228.992223739624
1.6713142395019531,1228.1129360198975
1.689910888671875,1232.6407432556152
4.097700119018555,1228.0519008636475
3.8008689880371094,1227.9870510101318
2.928018569946289,1229.856014251709
2.264738082885742,1218.6369895935059
2.8228759765625,1265.8131122589111
2.4449825286865234,1224.6289253234863
2.7768611907958984,1241.6572570800781
2.8150081634521484,1256.4959526062012
3.9529800415039062,1248.563289642334
2.2840499877929688,1247.1387386322021
3.0410289764404297,1246.589183807373
2.948760986328125,1246.1729049682617
2.2361278533935547,1236.340045928955
2.8600692749023438,1233.6750030517578
3.297090530395508,1228.543996810913
3.8437843322753906,1224.8518466949463
2.2640228271484375,1217.517614364624
2.8481483459472656,1236.9518280029297
2.341032028198242,1214.9090766906738
2.992868423461914,1225.6009578704834
2.0101070404052734,1223.7939834594727
4.178047180175781,1225.3570556640625
3.2041072845458984,1228.060007095337
2.465963363647461,1233.4520816802979
4.424095153808594,1261.758804321289
2.310037612915039,1250.0441074371338
2.3369789123535156,1225.8648872375488
6.002187728881836,1244.2502975463867
3.342866897583008,1274.3470668792725
2.8848648071289062,1319.29612159729
3.114938735961914,1225.2569198608398
3.244161605834961,1254.4867992401123
3.2906532287597656,1232.0268154144287
3.0400753021240234,1246.1519241333008
5.3730010986328125,1242.5801753997803
8.75401496887207,1235.361099243164
3.5169124603271484,1244.272232055664
2.749919891357422,1276.9598960876465
3.123044967651367,1241.9612407684326
1.3401508331298828,1235.144853591919
2.1371841430664062,1245.5511093139648
1.814126968383789,1241.1718368530273
0.8618831634521484,1244.0261840820312
0.7312297821044922,1227.503776550293
0.7541179656982422,1218.7330722808838
3.2770633697509766,1232.3858737945557
8.09478759765625,1233.2522869110107
1.44195556640625,1266.1550045013428
1.4269351959228516,1250.8838176727295
6.212949752807617,1250.3912448883057
3.523111343383789,1251.6632080078125
4.547119140625,1268.1491374969482
2.9659271240234375,1277.4598598480225
3.9479732513427734,1273.1189727783203
3.1287670135498047,1230.9341430664062
2.0399093627929688,1247.1928596496582
1.3971328735351562,1220.9880352020264
3.476858139038086,1246.877908706665
2.3450851440429688,1251.7240047454834
2.586841583251953,1233.9560985565186
2.1181106567382812,1220.0331687927246
2.285003662109375,1229.762077331543
3.4329891204833984,1253.0770301818848
13.167858123779297,1259.4881057739258
7.536888122558594,1217.2818183898926
9.680986404418945,1253.6699771881104
6.7920684814453125,1223.1082916259766
42.77968406677246,1214.7152423858643
1.3539791107177734,1219.7399139404297
0.8211135864257812,1251.7876625061035
4.081010818481445,1256.0408115386963
3.0927658081054688,1239.3989562988281
2.8228759765625,1221.3687896728516
5.217075347900391,1233.7760925292969
31.09121322631836,1217.7050113677979
26.081085205078125,1216.722011566162
1.7769336700439453,1215.9790992736816
3.509044647216797,1238.9602661132812
2.948760986328125,1228.1908988952637
4.36091423034668,1229.9740314483643
4.29987907409668,1243.293046951294
3.1931400299072266,1229.9039363861084
3.9908885955810547,1219.8901176452637
2.1021366119384766,1227.3869514465332
3.3540725708007812,1234.971046447754
4.645824432373047,1234.921932220459
2.918720245361328,1227.8966903686523
6.273746490478516,1242.304801940918
3.098726272583008,1230.069875717163
3.1130313873291016,1234.938144683838
2.2881031036376953,1235.8222007751465
2.031087875366211,1231.9722175598145
1.9078254699707031,1234.0278625488281
4.286050796508789,1243.6888217926025
1.0237693786621094,1244.7988986968994
1.7132759094238281,1245.893955230713
0.8950233459472656,1249.9141693115234
0.8127689361572266,1225.843906402588
0.7240772247314453,1229.1240692138672
0.6787776947021484,1226.269006729126
0.61798095703125,1220.3772068023682
0.5788803100585938,1223.1881618499756
0.5640983581542969,1216.4812088012695
2.209901809692383,1246.7730045318604
2.2041797637939453,1232.3329448699951
1.8990039825439453,1242.5730228424072
1.7237663269042969,1243.6628341674805
7.447004318237305,1245.140790939331
6.615161895751953,1244.1110610961914
2.9840469360351562,1245.0199127197266
5.156040191650391,1213.5140895843506
2.0618438720703125,1221.3561534881592
1.2488365173339844,1222.249984741211
2.482175827026367,1220.4265594482422
1.9392967224121094,1221.7228412628174
2.0520687103271484,1222.4748134613037
1.3599395751953125,1250.925064086914
2.4709701538085938,1216.1650657653809
3.400087356567383,1241.023063659668
2.026081085205078,1242.2840595245361
1.2068748474121094,1216.9506549835205
1.5711784362792969,1228.083848953247
1.2171268463134766,1218.094825744629
1.2760162353515625,1226.6201972961426
3.3621788024902344,1215.5811786651611
7.092952728271484,1232.731819152832
2.045869827270508,1215.2340412139893
1.9032955169677734,1218.6558246612549
3.4728050231933594,1230.093002319336
2.0761489868164062,1242.4850463867188
3.010988235473633,1227.8811931610107
2.110004425048828,1236.5670204162598
2.2721290588378906,1225.0430583953857
5.064249038696289,1224.4930267333984
2.360105514526367,1241.631031036377
3.4470558166503906,1218.6481952667236
3.1599998474121094,1220.339059829712
3.180980682373047,1223.4067916870117
2.4220943450927734,1211.9276523590088
2.068042755126953,1215.5070304870605
2.997159957885742,1218.0559635162354
22.893190383911133,1214.087963104248
2.9451847076416016,1213.7329578399658
1.741170883178711,1232.3980331420898
0.7188320159912109,1219.804286956787
0.9300708770751953,1214.7150039672852
1.2578964233398438,1218.6779975891113
3.5431385040283203,1223.940134048462
2.652883529663086,1220.6599712371826
2.197265625,1216.5639400482178
2.1848678588867188,1216.2730693817139
2.877950668334961,1224.12109375
6.279945373535156,1225.5010604858398
6.2427520751953125,1219.3348407745361
3.222942352294922,1213.4389877319336
2.424001693725586,1211.0388278961182
1.953125,1213.9639854431152
2.9578208923339844,1213.7627601623535
2.167224884033203,1211.0536098480225
2.353191375732422,1221.4369773864746
2.3539066314697266,1218.4710502624512
2.20489501953125,1219.038963317871
1.583099365234375,1214.4670486450195
2.557992935180664,1225.9557247161865
1.7368793487548828,1213.4859561920166
1.7080307006835938,1220.4790115356445
1.6889572143554688,1216.068983078003
1.6748905181884766,1214.2972946166992
2.0780563354492188,1221.0140228271484
2.3059844970703125,1240.2770519256592
2.4340152740478516,1240.0782108306885
3.134012222290039,1231.5540313720703
3.1821727752685547,1236.22465133667
2.3190975189208984,1231.4679622650146
3.551006317138672,1214.858055114746
2.5920867919921875,1243.0188655853271
12.82811164855957,1221.6219902038574
1.8901824951171875,1216.9499397277832
1.2962818145751953,1232.7089309692383
1.4801025390625,1237.4472618103027
1.306772232055664,1234.8928451538086
6.371974945068359,1239.8579120635986
1.180887222290039,1244.361162185669
4.27699089050293,1243.4780597686768
2.0983219146728516,1237.036943435669
1.8107891082763672,1279.9081802368164
1.8398761749267578,1285.4020595550537
3.353118896484375,1242.959976196289
2.834796905517578,1223.4466075897217
2.4690628051757812,1225.308895111084
2.1071434020996094,1261.308193206787
1.6069412231445312,1261.2009048461914
2.597332000732422,1255.0430297851562
1.79290771484375,1255.5649280548096
1.5633106231689453,
1.7991065979003906,
2.246856689453125,
2.0780563354492188,
3.242969512939453,
11.204957962036133,
1.5480518341064453,
3.309965133666992,
2.9981136322021484,
2.034902572631836,
2.732992172241211,
2.187013626098633,
2.2821426391601562,
2.225160598754883,
1.7230510711669922,
1.4319419860839844,
0.9799003601074219,
1.5988349914550781,
1.6410350799560547,
3.8552284240722656,
1.6031265258789062,
2.851724624633789,
2.5331974029541016,
2.8753280639648438,
15.608072280883789,
13.292074203491211,
1.5358924865722656,
1.7032623291015625,
1.9009113311767578,
1.1091232299804688,
1.0309219360351562,
1.0857582092285156,
1.107931137084961,
1.6720294952392578,
2.0351409912109375,
5.117177963256836,
2.980947494506836,
4.0111541748046875,
2.8548240661621094,
6.161212921142578,
6.299018859863281,
2.0940303802490234,
3.264188766479492,
6.394147872924805,
2.0821094512939453,
43.53594779968262,
47.51920700073242,
45.823097229003906,
1.5728473663330078,
1.2562274932861328,
2.521038055419922,
1.5599727630615234,
3.184795379638672,
3.2999515533447266,
7.190942764282227,
5.079030990600586,
1.8622875213623047,
1.7809867858886719,
